,Age,Fare,Parch,Pclass,SibSp
359,28.0,7.8792,0,3,0
345,24.0,13.0,0,2,0
878,28.0,7.8958,0,3,0
230,35.0,83.475,0,1,1
11,58.0,26.55,0,1,0
455,29.0,7.8958,0,3,0
394,24.0,16.7,2,3,0
184,4.0,22.025,2,3,0
347,28.0,16.1,0,3,1
438,64.0,263.0,4,1,1
138,16.0,9.2167,0,3,0
847,35.0,7.8958,0,3,0
640,20.0,7.8542,0,3,0
436,21.0,34.375,2,3,2
869,4.0,11.1333,1,3,1
396,31.0,7.8542,0,3,0
22,15.0,8.0292,0,3,0
542,11.0,31.275,2,3,4
369,24.0,69.3,0,1,0
579,32.0,7.925,0,3,0
98,34.0,23.0,1,2,0
162,26.0,7.775,0,3,0
655,24.0,73.5,0,2,2
191,19.0,13.0,0,2,0
314,43.0,26.25,1,2,1
561,40.0,7.8958,0,3,0
277,28.0,0.0,0,2,0
108,38.0,7.8958,0,3,0
555,62.0,26.55,0,1,0
857,51.0,26.55,0,1,0
243,22.0,7.125,0,3,0
521,22.0,7.8958,0,3,0
738,28.0,7.8958,0,3,0
289,22.0,7.75,0,3,0
503,37.0,9.5875,0,3,0
505,18.0,108.9,0,1,1
66,29.0,10.5,0,2,0
205,2.0,10.4625,1,3,0
749,31.0,7.75,0,3,0
656,28.0,7.8958,0,3,0
884,25.0,7.05,0,3,0
198,28.0,7.75,0,3,0
75,25.0,7.65,0,3,0
341,24.0,263.0,2,1,3
167,45.0,27.9,4,3,1
742,21.0,262.375,2,1,2
140,28.0,15.2458,2,3,0
827,1.0,37.0042,2,2,0
392,28.0,7.925,0,3,2
613,28.0,7.75,0,3,0
333,16.0,18.0,0,3,2
18,31.0,18.0,0,3,1
346,40.0,13.0,0,2,0
28,28.0,7.8792,0,3,0
43,3.0,41.5792,2,2,1
62,45.0,83.475,0,1,1
101,28.0,7.8958,0,3,0
748,19.0,53.1,0,1,1
97,23.0,63.3583,1,1,0
303,28.0,12.35,0,2,0
602,28.0,42.4,0,1,0
501,21.0,7.75,0,3,0
609,40.0,153.4625,0,1,0
383,35.0,52.0,0,1,1
209,40.0,31.0,0,1,0
445,4.0,81.8583,2,1,0
241,28.0,15.5,0,3,1
86,16.0,34.375,3,3,1
45,28.0,8.05,0,3,0
543,32.0,26.0,0,2,1
566,19.0,7.8958,0,3,0
279,35.0,20.25,1,3,1
105,28.0,7.8958,0,3,0
268,58.0,153.4625,1,1,0
492,55.0,30.5,0,1,0
207,26.0,18.7875,0,3,0
879,56.0,83.1583,1,1,0
206,32.0,15.85,0,3,1
523,44.0,57.9792,1,1,0
426,28.0,26.0,0,2,1
836,21.0,8.6625,0,3,0
71,16.0,46.9,2,3,5
759,33.0,86.5,0,1,0
228,18.0,13.0,0,2,0
308,30.0,24.0,0,2,1
637,31.0,26.25,1,2,1
788,1.0,20.575,2,3,1
204,18.0,8.05,0,3,0
702,18.0,14.4542,1,3,0
733,23.0,13.0,0,2,0
368,28.0,7.75,0,3,0
647,56.0,35.5,0,1,0
41,27.0,21.0,0,2,1
722,34.0,13.0,0,2,0
768,28.0,24.15,0,3,1
419,10.0,24.15,2,3,0
151,22.0,66.6,0,1,1
248,37.0,52.5542,1,1,1
271,25.0,0.0,0,3,0
775,18.0,7.75,0,3,0
47,28.0,7.75,0,3,0
287,22.0,7.8958,0,3,0
522,28.0,7.225,0,3,0
186,28.0,15.5,0,3,1
786,18.0,7.4958,0,3,0
294,24.0,7.8958,0,3,0
220,16.0,8.05,0,3,0
498,25.0,151.55,2,1,1
569,32.0,7.8542,0,3,0
378,20.0,4.0125,0,3,0
193,3.0,26.0,1,2,1
326,61.0,6.2375,0,3,0
344,36.0,13.0,0,2,0
565,24.0,24.15,0,3,2
64,28.0,27.7208,0,1,0
807,18.0,7.775,0,3,0
407,3.0,18.75,1,2,1
14,14.0,7.8542,0,3,0
190,32.0,13.0,0,2,0
760,28.0,14.5,0,3,0
813,6.0,31.275,2,3,4
652,21.0,8.4333,0,3,0
654,18.0,6.75,0,3,0
630,80.0,30.0,0,1,0
818,43.0,6.45,0,3,0
175,18.0,7.8542,1,3,1
754,48.0,65.0,2,2,1
678,43.0,46.9,6,3,1
784,25.0,7.05,0,3,0
176,28.0,25.4667,1,3,3
401,26.0,8.05,0,3,0
298,28.0,30.5,0,1,0
657,32.0,15.5,1,3,1
229,28.0,25.4667,1,3,3
24,8.0,21.075,1,3,3
866,27.0,13.8583,0,2,1
713,29.0,9.4833,0,3,0
469,0.75,19.2583,1,3,2
526,50.0,10.5,0,2,0
761,41.0,7.125,0,3,0
877,19.0,7.8958,0,3,0
646,19.0,7.8958,0,3,0
753,23.0,7.8958,0,3,0
823,27.0,12.475,1,3,0
139,24.0,79.2,0,1,0
405,34.0,21.0,0,2,1
56,21.0,10.5,0,2,0
665,32.0,73.5,0,2,2
810,26.0,7.8875,0,3,0
622,20.0,15.7417,1,3,1
780,13.0,7.2292,0,3,0
851,74.0,7.775,0,3,0
506,33.0,26.0,2,2,0
29,28.0,7.8958,0,3,0
275,63.0,77.9583,0,1,1
650,28.0,7.8958,0,3,0
491,21.0,7.25,0,3,0
804,27.0,6.975,0,3,0
479,2.0,12.2875,1,3,0
675,18.0,7.775,0,3,0
520,30.0,93.5,0,1,0
648,28.0,7.55,0,3,0
421,21.0,7.7333,0,3,0
890,32.0,7.75,0,3,0
605,36.0,15.55,0,3,1
858,24.0,19.2583,3,3,0
524,28.0,7.2292,0,3,0
842,30.0,31.0,0,1,0
127,24.0,7.1417,0,3,0
179,36.0,0.0,0,3,0
685,25.0,41.5792,2,2,1
840,20.0,7.925,0,3,0
78,0.83,29.0,2,2,0
629,28.0,7.7333,0,3,0
26,28.0,7.225,0,3,0
408,21.0,7.775,0,3,0
441,20.0,9.5,0,3,0
779,43.0,211.3375,1,1,0
843,34.5,6.4375,0,3,0
418,30.0,13.0,0,2,0
270,28.0,31.0,0,1,0
389,17.0,12.0,0,2,0
247,24.0,14.5,2,2,0
798,30.0,7.2292,0,3,0
210,24.0,7.05,0,3,0
189,36.0,7.8958,0,3,0
476,34.0,21.0,0,2,1
31,28.0,146.5208,0,1,1
743,24.0,16.1,0,3,1
143,19.0,6.75,0,3,0
219,30.0,10.5,0,2,0
272,41.0,19.5,1,2,0
375,28.0,82.1708,0,1,1
625,61.0,32.3208,0,1,0
391,21.0,7.7958,0,3,0
708,22.0,151.55,0,1,0
63,4.0,27.9,2,3,3
659,58.0,113.275,2,1,0
159,28.0,69.55,2,3,8
330,28.0,23.25,0,3,2
118,24.0,247.5208,1,1,0
758,34.0,8.05,0,3,0
335,28.0,7.8958,0,3,0
358,28.0,7.8792,0,3,0
211,35.0,21.0,0,2,0
466,28.0,0.0,0,2,0
863,28.0,69.55,2,3,8
495,28.0,14.4583,0,3,0
260,28.0,7.75,0,3,0
837,28.0,8.05,0,3,0
128,28.0,22.3583,1,3,1
703,25.0,7.7417,0,3,0
292,36.0,12.875,0,2,0
403,28.0,15.85,0,3,1
489,9.0,15.9,1,3,1
774,54.0,23.0,3,2,1
785,25.0,7.25,0,3,0
74,32.0,56.4958,0,3,0
870,26.0,7.8958,0,3,0
293,24.0,8.85,0,3,0
781,17.0,57.0,0,1,1
689,15.0,211.3375,1,1,0
148,36.5,26.0,2,2,0
5,28.0,8.4583,0,3,0
37,21.0,8.05,0,3,0
477,29.0,7.0458,0,3,1
353,25.0,17.8,0,3,1
623,21.0,7.8542,0,3,0
144,18.0,11.5,0,2,0
170,61.0,33.5,0,1,0
137,37.0,53.1,0,1,1
888,28.0,23.45,2,3,1
581,39.0,110.8833,1,1,1
291,19.0,91.0792,0,1,1
267,25.0,7.775,0,3,1
259,50.0,26.0,1,2,0
778,28.0,7.7375,0,3,0
152,55.5,8.05,0,3,0
25,38.0,31.3875,5,3,1
280,65.0,7.75,0,3,0
216,27.0,7.925,0,3,0
133,29.0,26.0,0,2,1
262,52.0,79.65,1,1,1
424,18.0,20.2125,1,3,1
348,3.0,15.9,1,3,1
313,28.0,7.8958,0,3,0
360,40.0,27.9,4,3,1
365,30.0,7.25,0,3,0
30,40.0,27.7208,0,1,0
85,33.0,15.85,0,3,3
732,28.0,0.0,0,2,0
300,28.0,7.75,0,3,0
192,19.0,7.8542,0,3,1
201,28.0,69.55,2,3,8
49,18.0,17.8,0,3,1
434,50.0,55.9,0,1,1
40,40.0,9.475,0,3,1
607,27.0,30.5,0,1,0
519,32.0,7.8958,0,3,0
815,28.0,0.0,0,1,0
875,15.0,7.225,0,3,0
755,0.67,14.5,1,2,1
585,18.0,79.65,2,1,0
213,30.0,13.0,0,2,0
789,46.0,79.2,0,1,0
349,42.0,8.6625,0,3,0
168,28.0,25.925,0,1,0
711,28.0,26.55,0,1,0
388,28.0,7.7292,0,3,0
90,29.0,8.05,0,3,0
446,13.0,19.5,1,2,0
770,24.0,9.5,0,3,0
116,70.5,7.75,0,3,0
619,26.0,10.5,0,2,0
458,50.0,10.5,0,2,0
594,37.0,26.0,0,2,1
595,36.0,24.15,1,3,1
698,49.0,110.8833,1,1,1
824,2.0,39.6875,1,3,4
714,52.0,13.0,0,2,0
809,33.0,53.1,0,1,1
729,25.0,7.925,0,3,1
305,0.92,151.55,2,1,1
502,28.0,7.6292,0,3,0
554,22.0,7.775,0,3,0
199,24.0,13.0,0,2,0
55,28.0,35.5,0,1,0
686,14.0,39.6875,1,3,4
626,57.0,12.35,0,2,0
691,4.0,13.4167,1,3,0
825,28.0,6.95,0,3,0
704,26.0,7.8542,0,3,1
687,19.0,10.1708,0,3,0
486,35.0,90.0,0,1,1
274,28.0,7.75,0,3,0
309,30.0,56.9292,0,1,0
429,32.0,8.05,0,3,0
527,28.0,221.7792,0,1,0
723,50.0,13.0,0,2,0
106,21.0,7.65,0,3,0
718,28.0,15.5,0,3,0
187,45.0,26.55,0,1,0
362,45.0,14.4542,1,3,0
136,19.0,26.2833,2,1,0
61,38.0,80.0,0,1,0
249,54.0,26.0,0,2,1
27,19.0,263.0,2,1,3
583,36.0,40.125,0,1,0
324,28.0,69.55,2,3,8
467,56.0,26.55,0,1,0
221,27.0,13.0,0,2,0
537,30.0,106.425,0,1,0
218,32.0,76.2917,0,1,0
783,28.0,23.45,2,3,1
284,28.0,26.0,0,1,0
756,28.0,7.7958,0,3,0
386,1.0,46.9,2,3,5
46,28.0,15.5,0,3,1
454,28.0,8.05,0,3,0
299,50.0,247.5208,1,1,0
126,28.0,7.75,0,3,0
850,4.0,31.275,2,3,4
119,2.0,31.275,2,3,4
634,9.0,27.9,2,3,3
92,46.0,61.175,0,1,1
705,39.0,26.0,0,2,0
638,41.0,39.6875,5,3,0
876,20.0,9.8458,0,3,0
34,28.0,82.1708,0,1,1
617,26.0,16.1,0,3,1
701,35.0,26.2875,0,1,0
351,28.0,35.0,0,1,0
2,26.0,7.925,0,3,0
334,28.0,133.65,0,1,1
769,32.0,8.3625,0,3,0
582,54.0,26.0,0,2,0
730,29.0,211.3375,0,1,0
435,14.0,120.0,2,1,1
511,28.0,8.05,0,3,0
558,39.0,79.65,1,1,1
233,5.0,31.3875,2,3,4
413,28.0,0.0,0,2,0
417,18.0,13.0,2,2,0
180,28.0,69.55,2,3,8
661,40.0,7.225,0,3,0
317,54.0,14.0,0,2,0
38,18.0,18.0,0,3,2
223,28.0,7.8958,0,3,0
83,28.0,47.1,0,1,0
848,28.0,33.0,1,2,0
796,49.0,25.9292,0,1,0
597,49.0,0.0,0,3,0
831,0.83,18.75,1,2,1
628,26.0,7.8958,0,3,0
570,62.0,10.5,0,2,0
529,23.0,11.5,1,2,2
13,39.0,31.275,5,3,1
132,47.0,14.5,0,3,1
669,28.0,52.0,0,1,1
430,28.0,26.55,0,1,0
525,40.5,7.75,0,3,0
553,22.0,7.225,0,3,0
564,28.0,8.05,0,3,0
72,21.0,73.5,0,2,0
224,38.0,90.0,0,1,1
482,50.0,8.05,0,3,0
795,39.0,13.0,0,2,0
331,45.5,28.5,0,1,0
456,65.0,26.55,0,1,0
263,40.0,0.0,0,1,0
739,28.0,7.8958,0,3,0
468,28.0,7.725,0,3,0
860,41.0,14.1083,0,3,2
254,41.0,20.2125,2,3,0
114,17.0,14.4583,0,3,0
666,25.0,13.0,0,2,0
357,38.0,13.0,0,2,0
278,7.0,29.125,1,3,4
516,34.0,10.5,0,2,0
551,27.0,26.0,0,2,0
390,36.0,120.0,2,1,1
841,16.0,10.5,0,2,0
149,42.0,13.0,0,2,0
745,70.0,71.0,1,1,1
462,47.0,38.5,0,1,0
493,71.0,49.5042,0,1,0
518,36.0,26.0,0,2,1
633,28.0,0.0,0,1,0
183,1.0,39.0,1,2,2
242,29.0,10.5,0,2,0
423,28.0,14.4,1,3,1
763,36.0,120.0,2,1,1
716,38.0,227.525,0,1,0
296,23.5,7.2292,0,3,0
310,24.0,83.1583,0,1,0
649,23.0,7.55,0,3,0
141,22.0,7.75,0,3,0
52,49.0,76.7292,0,1,1
474,22.0,9.8375,0,3,0
232,59.0,13.5,0,2,0
130,33.0,7.8958,0,3,0
726,30.0,21.0,0,2,3
414,44.0,7.925,0,3,0
700,18.0,227.525,0,1,1
374,3.0,21.075,1,3,3
544,50.0,106.425,0,1,1
534,30.0,8.6625,0,3,0
606,30.0,7.8958,0,3,0
709,28.0,15.2458,1,3,1
826,28.0,56.4958,0,3,0
70,32.0,10.5,0,2,0
483,63.0,9.5875,0,3,0
808,39.0,13.0,0,2,0
463,48.0,13.0,0,2,0
560,28.0,7.75,0,3,0
587,60.0,79.2,1,1,1
366,60.0,75.25,0,1,1
54,65.0,61.9792,1,1,0
694,60.0,26.55,0,1,0
550,17.0,110.8833,2,1,0
336,29.0,66.6,0,1,1
782,29.0,30.0,0,1,0
752,33.0,9.5,0,3,0
109,28.0,24.15,0,3,1
395,22.0,7.7958,0,3,0
142,24.0,15.85,0,3,1
839,28.0,29.7,0,1,0
451,28.0,19.9667,0,3,1
364,28.0,15.5,0,3,1
134,25.0,13.0,0,2,0
160,44.0,16.1,1,3,0
819,10.0,27.9,2,3,3
635,28.0,13.0,0,2,0
295,28.0,27.7208,0,1,0
855,18.0,9.35,1,3,0
202,34.0,6.4958,0,3,0
620,27.0,14.4542,0,3,1
354,28.0,7.225,0,3,0
316,24.0,26.0,0,2,1
598,28.0,7.225,0,3,0
734,23.0,13.0,0,2,0
84,17.0,10.5,0,2,0
315,26.0,7.8542,0,3,0
822,38.0,0.0,0,1,0
281,28.0,7.8542,0,3,0
497,28.0,15.1,0,3,0
404,20.0,8.6625,0,3,0
500,17.0,8.6625,0,3,0
757,18.0,11.5,0,2,0
475,28.0,52.0,0,1,0
4,35.0,8.05,0,3,0
528,39.0,7.925,0,3,0
737,35.0,512.3292,0,1,0
533,28.0,22.3583,2,3,0
838,32.0,56.4958,0,3,0
7,2.0,21.075,1,3,3
744,31.0,7.925,0,3,0
42,28.0,7.8958,0,3,0
214,28.0,7.75,0,3,1
68,17.0,7.925,2,3,4
887,19.0,30.0,0,1,0
578,28.0,14.4583,0,3,1
676,24.5,8.05,0,3,0
398,23.0,10.5,0,2,0
276,45.0,7.75,0,3,0
178,30.0,13.0,0,2,0
225,22.0,9.35,0,3,0
288,42.0,13.0,0,2,0
821,27.0,8.6625,0,3,0
343,25.0,13.0,0,2,0
767,30.5,7.75,0,3,0
562,28.0,13.5,0,2,0
777,5.0,12.475,0,3,0
470,28.0,7.25,0,3,0
453,49.0,89.1042,0,1,1
245,44.0,90.0,0,1,2
631,51.0,7.0542,0,3,0
536,45.0,26.55,0,1,0
736,48.0,34.375,3,3,1
449,52.0,30.5,0,1,0
181,28.0,15.05,0,2,0
402,21.0,9.825,0,3,1
325,36.0,135.6333,0,1,0
19,28.0,7.225,0,3,0
397,46.0,26.0,0,2,0
432,42.0,26.0,0,2,1
792,28.0,69.55,2,3,8
517,28.0,24.15,0,3,0
443,28.0,13.0,0,2,0
764,16.0,7.775,0,3,0
883,28.0,10.5,0,2,0
854,44.0,26.0,0,2,1
833,23.0,7.8542,0,3,0
156,16.0,7.7333,0,3,0
372,19.0,8.05,0,3,0
601,28.0,7.8958,0,3,0
69,26.0,8.6625,0,3,2
530,2.0,26.0,1,2,1
552,28.0,7.8292,0,3,0
155,51.0,61.3792,1,1,0
499,24.0,7.7958,0,3,0
350,23.0,9.225,0,3,0
96,71.0,34.6542,0,1,0
17,28.0,13.0,0,2,0
627,21.0,77.9583,0,1,0
591,52.0,78.2667,0,1,1
611,28.0,7.05,0,3,0
82,28.0,7.7875,0,3,0
580,25.0,30.0,1,2,1
535,7.0,26.25,2,2,0
410,28.0,7.8958,0,3,0
246,25.0,7.775,0,3,0
120,21.0,73.5,0,2,2
668,43.0,8.05,0,3,0
710,24.0,49.5042,0,1,0
604,35.0,26.55,0,1,0
588,22.0,8.05,0,3,0
794,25.0,7.8958,0,3,0
487,58.0,29.7,0,1,0
367,28.0,7.2292,0,3,0
538,28.0,14.5,0,3,0
400,39.0,7.925,0,3,0
20,35.0,26.0,0,2,0
422,29.0,7.875,0,3,0
234,24.0,10.5,0,2,0
111,14.5,14.4542,0,3,1
488,30.0,8.05,0,3,0
173,21.0,7.925,0,3,0
762,20.0,7.2292,0,3,0
323,22.0,29.0,1,2,1
10,4.0,16.7,1,3,1
868,28.0,9.5,0,3,0
508,28.0,22.525,0,3,0
266,16.0,39.6875,1,3,4
385,18.0,73.5,0,2,0
253,30.0,16.1,0,3,1
282,16.0,9.5,0,3,0
803,0.42,8.5167,1,3,0
494,21.0,8.05,0,3,0
67,19.0,8.1583,0,3,0
195,58.0,146.5208,0,1,0
571,53.0,51.4792,0,1,2
484,25.0,91.0792,0,1,1
420,28.0,7.8958,0,3,0
608,22.0,41.5792,2,2,1
861,21.0,11.5,0,2,1
301,28.0,23.25,0,3,2
632,32.0,30.5,0,1,0
125,12.0,11.2417,0,3,1
387,36.0,13.0,0,2,0
727,28.0,7.7375,0,3,0
641,24.0,69.3,0,1,0
642,2.0,27.9,2,3,3
576,34.0,13.0,0,2,0
746,16.0,20.25,1,3,1
751,6.0,12.475,1,3,0
171,4.0,29.125,1,3,4
478,22.0,7.5208,0,3,0
872,33.0,5.0,0,1,0
644,0.75,19.2583,1,3,2
306,28.0,110.8833,0,1,0
507,28.0,26.55,0,1,0
776,28.0,7.75,0,3,0
93,26.0,20.575,2,3,1
539,22.0,49.5,2,1,0
239,33.0,12.275,0,2,0
586,47.0,15.0,0,2,0
549,8.0,36.75,1,2,1
50,7.0,39.6875,1,3,4
575,19.0,14.5,0,3,0
107,28.0,7.775,0,3,0
621,42.0,52.5542,0,1,1
853,16.0,39.4,1,1,0
692,28.0,56.4958,0,3,0
690,31.0,57.0,0,1,1
545,64.0,26.0,0,1,0
286,30.0,9.5,0,3,0
636,32.0,7.925,0,3,0
720,6.0,33.0,1,2,0
115,21.0,7.925,0,3,0
651,18.0,23.0,1,2,0
442,25.0,7.775,0,3,1
693,25.0,7.225,0,3,0
473,23.0,13.7917,0,2,0
200,28.0,9.5,0,3,0
261,3.0,31.3875,2,3,4
793,28.0,30.6958,0,1,0
715,19.0,7.65,0,3,0
829,62.0,80.0,0,1,0
33,66.0,10.5,0,2,0
412,33.0,90.0,0,1,1
153,40.5,14.5,2,3,0
99,34.0,26.0,0,2,1
852,9.0,15.2458,1,3,1
283,19.0,8.05,0,3,0
269,35.0,135.6333,0,1,0
73,26.0,14.4542,0,3,1
593,28.0,7.75,2,3,0
624,21.0,16.1,0,3,0
94,59.0,7.25,0,3,0
724,27.0,53.1,0,1,1
439,31.0,10.5,0,2,0
264,28.0,7.75,0,3,0
660,50.0,133.65,0,1,2
773,28.0,7.225,0,3,0
614,35.0,8.05,0,3,0
321,27.0,7.8958,0,3,0
6,54.0,51.8625,0,1,0
425,28.0,7.25,0,3,0
531,28.0,7.2292,0,3,0
252,62.0,26.55,0,1,0
371,18.0,6.4958,0,3,1
226,19.0,10.5,0,2,0
816,23.0,7.925,0,3,0
771,48.0,7.8542,0,3,0
546,19.0,26.0,0,2,1
145,19.0,36.75,1,2,1
811,39.0,24.15,0,3,0
464,28.0,8.05,0,3,0
590,35.0,7.125,0,3,0
747,30.0,13.0,0,2,0
695,52.0,13.5,0,2,0
258,35.0,512.3292,0,1,0
683,14.0,46.9,2,3,5
547,28.0,13.8625,0,2,0
338,45.0,8.05,0,3,0
584,28.0,8.7125,0,3,0
427,19.0,26.0,0,2,0
706,45.0,13.5,0,2,0
541,9.0,31.275,2,3,4
820,52.0,93.5,1,1,1
485,28.0,25.4667,1,3,3
447,34.0,26.55,0,1,0
273,37.0,29.7,1,1,0
377,27.0,211.5,2,1,0
251,29.0,10.4625,1,3,1
197,42.0,8.4042,1,3,0
311,18.0,262.375,2,1,2
865,42.0,13.0,0,2,0
164,1.0,39.6875,1,3,4
166,28.0,55.0,1,1,0
12,20.0,8.05,0,3,0
212,22.0,7.25,0,3,0
154,28.0,7.3125,0,3,0
457,28.0,51.8625,0,1,1
146,27.0,7.7958,0,3,0
174,56.0,30.6958,0,1,0
532,17.0,7.2292,1,3,1
471,38.0,8.6625,0,3,0
802,11.0,120.0,2,1,1
577,39.0,55.9,0,1,1
103,33.0,8.6542,0,3,0
696,44.0,8.05,0,3,0
257,30.0,86.5,0,1,0
121,28.0,8.05,0,3,0
380,42.0,227.525,0,1,0
741,36.0,78.85,0,1,1
39,14.0,11.2417,0,3,1
515,47.0,34.0208,0,1,0
352,15.0,7.2292,1,3,1
817,31.0,37.0042,1,2,1
509,26.0,56.4958,0,3,0
21,34.0,13.0,0,2,0
91,20.0,7.8542,0,3,0
731,11.0,18.7875,0,3,0
433,17.0,7.125,0,3,0
874,28.0,24.0,0,2,1
23,28.0,35.5,0,1,0
