,Survived
359,1
345,1
878,0
230,1
11,1
455,1
394,1
184,1
347,1
438,0
138,0
847,0
640,0
436,0
869,1
396,0
22,1
542,0
369,1
579,1
98,1
162,0
655,0
191,0
314,0
561,0
277,0
108,0
555,0
857,1
243,0
521,0
738,0
289,1
503,0
505,0
66,1
205,0
749,0
656,0
884,0
198,1
75,0
341,1
167,0
742,1
140,0
827,1
392,0
613,0
333,0
18,0
346,1
28,1
43,1
62,0
101,0
748,0
97,1
303,1
602,0
501,0
609,1
383,1
209,1
445,1
241,1
86,0
45,0
543,1
566,0
279,1
105,0
268,1
492,0
207,1
879,1
206,0
523,1
426,1
836,0
71,0
759,1
228,0
308,0
637,0
788,1
204,1
702,0
733,0
368,1
647,1
41,0
722,0
768,0
419,0
151,1
248,1
271,1
775,0
47,1
287,0
522,0
186,1
786,1
294,0
220,1
498,0
569,1
378,0
193,1
326,0
344,0
565,0
64,0
807,0
407,1
14,0
190,1
760,0
813,0
652,0
654,0
630,1
818,0
175,0
754,1
678,0
784,0
176,0
401,0
298,1
657,0
229,0
24,0
866,1
713,0
469,1
526,1
761,0
877,0
646,0
753,0
823,1
139,0
405,0
56,1
665,0
810,0
622,1
780,1
851,0
506,1
29,0
275,1
650,0
491,0
804,1
479,1
675,0
520,1
648,0
421,0
890,0
605,0
858,1
524,0
842,1
127,1
179,0
685,0
840,0
78,1
629,0
26,0
408,0
441,0
779,1
843,0
418,0
270,0
389,1
247,1
798,0
210,0
189,0
476,0
31,1
743,0
143,0
219,0
272,1
375,1
625,0
391,1
708,1
63,0
659,0
159,0
330,1
118,0
758,0
335,0
358,1
211,1
466,0
863,0
495,0
260,0
837,0
128,1
703,0
292,0
403,0
489,1
774,1
785,0
74,1
870,0
293,0
781,1
689,1
148,0
5,0
37,0
477,0
353,0
623,0
144,0
170,0
137,0
888,0
581,1
291,1
267,1
259,1
778,0
152,0
25,1
280,0
216,1
133,1
262,0
424,0
348,1
313,0
360,0
365,0
30,0
85,1
732,0
300,1
192,1
201,0
49,0
434,0
40,0
607,1
519,0
815,0
875,1
755,1
585,1
213,0
789,0
349,0
168,0
711,0
388,0
90,0
446,1
770,0
116,0
619,0
458,1
594,0
595,0
698,0
824,0
714,0
809,1
729,0
305,1
502,0
554,1
199,0
55,1
686,0
626,0
691,1
825,0
704,0
687,0
486,1
274,1
309,1
429,1
527,0
723,0
106,1
718,0
187,1
362,0
136,1
61,1
249,0
27,0
583,0
324,0
467,0
221,0
537,1
218,1
783,0
284,0
756,0
386,0
46,0
454,0
299,1
126,0
850,0
119,0
634,0
92,0
705,0
638,0
876,0
34,0
617,0
701,1
351,0
2,1
334,1
769,0
582,0
730,1
435,1
511,0
558,1
233,1
413,0
417,1
180,0
661,0
317,0
38,0
223,0
83,0
848,0
796,1
597,0
831,1
628,0
570,1
529,0
13,0
132,0
669,1
430,1
525,0
553,1
564,0
72,0
224,1
482,0
795,0
331,0
456,0
263,0
739,0
468,0
860,0
254,0
114,0
666,0
357,0
278,0
516,1
551,0
390,1
841,0
149,0
745,0
462,0
493,0
518,1
633,0
183,1
242,0
423,0
763,1
716,1
296,0
310,1
649,1
141,1
52,1
474,0
232,0
130,0
726,1
414,1
700,1
374,0
544,0
534,0
606,0
709,1
826,0
70,0
483,1
808,0
463,0
560,0
587,1
366,1
54,0
694,0
550,1
336,0
782,0
752,0
109,1
395,0
142,1
839,1
451,0
364,0
134,0
160,0
819,0
635,1
295,0
855,1
202,0
620,0
354,0
316,1
598,0
734,0
84,1
315,1
822,0
281,0
497,0
404,0
500,0
757,0
475,0
4,0
528,0
737,1
533,1
838,1
7,0
744,1
42,0
214,0
68,1
887,1
578,0
676,0
398,0
276,0
178,0
225,0
288,1
821,1
343,0
767,0
562,0
777,1
470,0
453,1
245,0
631,0
536,0
736,0
449,1
181,0
402,0
325,1
19,1
397,0
432,1
792,0
517,0
443,1
764,0
883,0
854,0
833,0
156,1
372,0
601,0
69,0
530,1
552,0
155,0
499,0
350,0
96,0
17,1
627,1
591,1
611,0
82,1
580,1
535,1
410,0
246,0
120,0
668,0
710,1
604,1
588,0
794,0
487,0
367,1
538,0
400,1
20,0
422,0
234,0
111,0
488,0
173,0
762,1
323,1
10,1
868,0
508,0
266,0
385,0
253,0
282,0
803,1
494,0
67,0
195,1
571,1
484,1
420,0
608,1
861,0
301,1
632,1
125,1
387,1
727,1
641,1
642,0
576,1
746,0
751,1
171,0
478,0
872,0
644,1
306,1
507,1
776,0
93,0
539,1
239,0
586,0
549,1
50,0
575,0
107,1
621,1
853,1
692,1
690,1
545,0
286,1
636,0
720,1
115,0
651,1
442,0
693,0
473,1
200,0
261,1
793,0
715,0
829,1
33,0
412,1
153,0
99,0
852,0
283,1
269,1
73,0
593,0
624,0
94,0
724,1
439,0
264,0
660,1
773,0
614,0
321,0
6,0
425,0
531,0
252,0
371,0
226,1
816,0
771,0
546,1
145,0
811,0
464,0
590,0
747,1
695,0
258,1
683,0
547,1
338,1
584,0
427,1
706,1
541,0
820,1
485,0
447,1
273,0
377,0
251,0
197,0
311,1
865,1
164,0
166,1
12,0
212,0
154,0
457,1
146,1
174,0
532,0
471,0
802,1
577,1
103,0
696,0
257,1
121,0
380,1
741,0
39,1
515,0
352,0
817,0
509,1
21,1
91,0
731,0
433,0
874,1
23,1
